[H[2J[3JStrings

----------Dificuldade 1----------
1278
1632
1768
1803
1871
2137
2157
2587
2591
2694

----------Dificuldade 2----------
1241
1248
1262
1332
1581
1607
1868
1873
2242
2557
2714
2815
2866
3159

----------Dificuldade 3----------
1168
1234
1238
1239
1253
1255
1257
1263
1272
1273
1276
1305
1367
1516
1629
2174
2356
2588
2691
2722
2906

----------Dificuldade 4----------
1254
1551
1737
2023
2049
2062
2108
2150
2153
2484
2583
2651
2692
2880
3038
3088

----------Dificuldade 5----------
1024
1120
1235
1686
2017
2025
2055
2132
2253
2509
2678
2690
2974
2975
3080
3083
3100
3118
3141
3143

----------Dificuldade 6----------
1222
1237
1277
1284
1519
2292
2535
2728
2954

----------Dificuldade 7----------
1243
1664
1726
1941
2097
2314
2336
2697
3103

----------Dificuldade 8----------
1287
1341
1364
1373
1385
1456
1458
1556
1586
1781
1846
2035
2087
2825
2827

----------Dificuldade 9----------
1313
1377
1448
1530
1667
1842
1898
2549
2824

----------Dificuldade 10----------
1141
1335
1355
1386
1406
1491
1503
1853
1859
2000
2093
2358
2669

